1 0.49025 0.891 0.3025 0.218
1 0.51575 0.78 0.1605 0.148
1 0.4085 0.6713333333333333 0.167 0.15733333333333333
1 0.3575 0.5506666666666666 0.22 0.208
1 0.35075 0.4686666666666667 0.1065 0.09466666666666666
1 0.37075 0.363 0.1235 0.08733333333333333
1 0.30525 0.2936666666666667 0.1635 0.15933333333333333
1 0.3025 0.259 0.111 0.07666666666666666
1 0.30425 0.206 0.1205 0.084
1 0.3225 0.151 0.115 0.06733333333333333
1 0.2295 0.07133333333333333 0.078 0.092
1 0.5335 0.06466666666666666 0.045 0.03333333333333333
1 0.636 0.049 0.024 0.043333333333333335
1 0.59375 0.11133333333333334 0.0845 0.10133333333333333
1 0.62725 0.14166666666666666 0.0935 0.14333333333333334
1 0.77475 0.2613333333333333 0.0345 0.042666666666666665
1 0.69175 0.25233333333333335 0.1055 0.12066666666666667
1 0.73375 0.3466666666666667 0.0985 0.12
1 0.90225 0.6073333333333333 0.0985 0.164
1 0.96625 0.7213333333333334 0.0675 0.19866666666666666
