1 0.29305845511482254 0.12012987012987013 0.02244258872651357 0.015769944341372914
1 0.403705636743215 0.11224489795918367 0.008872651356993737 0.012987012987012988
1 0.33950939457202506 0.8320964749536178 0.10594989561586639 0.12244897959183673
1 0.4629436325678497 0.8061224489795918 0.11169102296450939 0.1261595547309833
1 0.56419624217119 0.3450834879406308 0.021920668058455117 0.029684601113172542
1 0.5587160751565762 0.39239332096474955 0.031837160751565764 0.03710575139146568
1 0.5850730688935282 0.3747680890538033 0.022964509394572025 0.03525046382189239
1 0.593945720250522 0.362708719851577 0.020876826722338204 0.029684601113172542
1 0.6184759916492694 0.3209647495361781 0.026096033402922755 0.025974025974025976
1 0.6333507306889353 0.3042671614100185 0.01722338204592902 0.02411873840445269
1 0.607776617954071 0.24165120593692022 0.0036534446764091857 0.017625231910946195
1 0.666231732776618 0.2602040816326531 0.01826722338204593 0.01948051948051948
1 0.7197286012526096 0.2699443413729128 0.011482254697286013 0.00927643784786642
1 0.659446764091858 0.24628942486085342 0.007828810020876827 0.012059369202226345
1 0.6500521920668059 0.24397031539888683 0.0036534446764091857 0.012987012987012988
