1 0.69325 0.8113333333333334 0.2025 0.144
1 0.66375 0.6656666666666666 0.2085 0.14333333333333334
1 0.6635 0.5686666666666667 0.154 0.116
1 0.664 0.48 0.129 0.10133333333333333
1 0.65625 0.39866666666666667 0.1285 0.10133333333333333
1 0.64325 0.331 0.1375 0.086
1 0.738 0.9606666666666667 0.229 0.07866666666666666
1 0.08 0.923 0.16 0.14466666666666667
1 0.115 0.705 0.052 0.07133333333333333
1 0.21425 0.5093333333333333 0.2575 0.18666666666666668
1 0.241 0.42033333333333334 0.215 0.154
1 0.2485 0.36766666666666664 0.138 0.086
1 0.61625 0.2786666666666667 0.1205 0.072
1 0.28775 0.26 0.1315 0.068
1 0.30225 0.20333333333333334 0.1315 0.068
1 0.30875 0.158 0.1145 0.064
1 0.32225 0.11766666666666667 0.1135 0.056666666666666664
1 0.33675 0.07733333333333334 0.1135 0.056
1 0.62 0.21566666666666667 0.112 0.09
1 0.62475 0.17133333333333334 0.1085 0.07866666666666666
1 0.4945 0.1 0.061 0.08266666666666667
1 0.4195 0.08933333333333333 0.021 0.06133333333333333
1 0.607 0.09533333333333334 0.109 0.056
1 0.605 0.06166666666666667 0.098 0.059333333333333335
1 0.6015 0.030666666666666665 0.083 0.04933333333333333
1 0.34475 0.025666666666666667 0.0965 0.051333333333333335
